Timestamp start: 1747343723438
Timestamp end: 1747344623669

#type       avg     std     min      p5     p10     p50     p67     p75     p80     p85     p90     p95     p99    p999   p9999      QPS   target
read      197.8    88.4    63.8   109.4   126.3   192.0   215.2   227.9   236.4   248.7   264.3   288.9   355.9  1120.0  2753.4   8161.2     8195
read      422.3   503.7    74.4   176.8   202.0   332.7   397.6   436.1   464.9   499.6   545.6   635.3  3364.4  5282.6  8079.6 158648.8   158594
read      253.8   134.2    63.8   119.0   134.9   230.3   278.8   307.6   329.2   356.7   395.0   461.1   616.4  1366.3  3487.2 149696.4   149766
read      209.2   175.1    63.8   113.2   130.4   199.5   224.7   237.9   248.7   261.0   276.0   303.4   380.8  1621.5  7893.6  10409.0    10382
read      376.3   289.7    68.9   168.9   193.3   317.7   378.1   413.6   439.9   472.4   521.1   636.6  1606.2  3166.9  7154.0 170345.2   170548
read      238.2   155.6    63.8   116.3   130.8   216.1   260.5   286.3   305.2   327.7   358.0   405.5   543.0  2104.9  4650.3 150685.7   150565
read      217.5   131.3    63.8   108.2   119.7   194.7   237.1   263.7   282.6   305.0   333.8   377.2   493.6  1811.5  3411.9 136969.8   137144
read      224.4   152.7    63.8   110.4   122.7   200.1   242.5   268.3   287.2   309.7   338.6   385.4   521.0  2276.6  4326.7 143745.0   143496
read      224.0   148.9    63.8   110.5   122.9   200.7   243.3   268.9   287.7   310.2   339.1   385.7   519.2  2145.5  4594.8 144700.4   144743
read      214.6   146.5    63.8   103.0   113.5   188.1   234.8   263.7   284.2   307.9   337.1   380.6   500.2  2003.2  4494.1 116669.6   116745
read      219.9   162.3    63.8   106.1   117.4   192.4   236.9   264.8   284.7   308.0   337.5   383.3   516.1  2445.9  4700.3 129218.8   129314
read      222.3   144.3    63.8   110.7   123.1   199.7   242.0   267.5   286.1   308.4   337.0   381.6   502.2  1967.3  4976.1 144905.6   144723
read      214.7   134.7    63.8   103.2   113.8   187.6   234.5   263.2   283.5   307.3   336.9   382.0   524.2  1764.4  3215.8 117384.9   117379
read      214.8   140.8    68.9   104.2   114.9   188.8   234.6   263.1   283.4   306.9   336.2   379.7   492.5  1997.2  4132.8 119910.7   119931
read      217.2   138.2    63.8   106.6   117.8   191.8   235.3   262.7   282.4   305.4   334.5   378.9   508.2  1718.3  3557.4 132044.4   132052
read      221.8   144.1    63.8   110.6   122.8   198.8   240.6   266.2   285.0   307.2   335.7   380.6   502.7  2108.8  4175.4 143414.4   143350
read      222.5   160.4    63.8   110.3   122.3   198.0   240.0   265.9   284.7   307.1   335.9   381.1   507.7  2317.5  6437.1 143393.8   143518
read      288.8   162.2    68.9   138.0   157.9   263.9   315.2   346.8   372.1   402.7   444.0   506.0   636.5  2155.5  5358.9 173240.6   172981
read      215.8   136.1    59.1   101.0   111.0   189.5   243.5   273.2   293.6   316.4   344.3   387.9   494.2  1596.7  4221.5  94049.7    94027
read      267.8   145.3    63.8   130.8   148.9   245.4   292.4   320.1   342.2   369.4   405.5   465.7   600.6  1833.6  4167.2 170021.7   170019
read      304.7   152.4    63.8   149.3   171.0   282.7   337.6   370.1   394.3   422.8   459.0   512.3   633.3  1674.6  4729.9 178928.3   179090
read      251.0   150.5    59.1   101.6   113.8   234.8   289.3   318.3   339.4   363.7   393.7   436.8   562.6  1874.8  4176.5  47176.0    47130
read      230.2    92.0    59.1   113.1   130.8   225.5   259.8   277.5   290.7   306.0   324.8   356.0   430.4  1008.5  2471.9  19399.3    19439
read      290.3   320.3    63.8   111.0   124.6   217.4   271.5   303.1   326.3   356.5   401.3   581.0  1667.9  3287.2  7462.2 129200.0   128963
read      233.5   104.0    63.8   111.4   128.0   227.8   263.3   282.3   295.6   312.1   332.9   366.0   447.5  1178.7  3156.0  23836.1    23787
read      263.0   174.6    59.1   100.2   111.7   236.6   304.2   341.9   368.3   397.4   432.9   487.7   693.1  1987.0  3806.2  61776.9    61848
read      266.9   235.0    63.8   105.0   117.0   212.0   272.6   311.8   342.1   381.2   436.2   563.6  1281.2  2497.5  6347.9 102119.7   101968
read      216.4   126.6    63.8   102.9   113.2   189.3   238.4   268.2   289.3   313.5   343.5   390.9   545.7  1429.8  3065.5 108854.1   108767
read      216.7   120.1    63.8   101.9   112.1   191.0   243.2   273.0   293.8   317.5   346.6   392.1   517.1  1331.3  3148.9  97097.9    97139
read      250.0   157.1    68.9   120.7   136.6   225.3   270.4   296.9   317.3   342.6   377.1   436.7   604.6  2111.1  4676.9 158671.8   158594
read      228.8   177.1    59.1   111.0   123.7   202.4   246.0   271.9   291.0   313.7   343.2   392.6   548.9  3030.6  6954.9 141459.1   141240
read      250.5   147.4    59.1   104.4   117.4   237.5   287.7   314.8   334.6   358.0   388.0   432.8   544.7  1722.1  4439.3  41427.2    41405
read      273.8   199.9    63.8   102.3   114.2   244.1   316.7   357.9   386.0   417.0   454.8   509.0   682.7  2295.5  6105.9  57924.9    57997
read      393.8   393.0    68.9   135.4   160.2   292.2   370.9   418.9   453.6   496.8   570.2  1355.7  1866.6  3691.1  7774.4 133312.2   133577
read      272.4   233.8    63.8   103.2   115.1   241.3   305.1   341.5   368.9   400.4   439.0   498.5   734.7  3289.3  7701.3  53889.7    53832
read      341.2   336.9    63.8   125.6   145.4   263.9   329.8   373.1   405.8   445.4   499.3   663.1  1742.3  3590.8  7477.1 140132.9   139832
read      337.5   176.4    68.9   161.8   186.8   310.1   374.2   412.6   440.2   471.7   512.9   576.1   713.6  2167.9  5321.7 170475.1   170515
read      226.2   159.2    63.8   108.1   119.7   198.9   244.3   271.7   291.8   315.5   345.5   394.7   553.6  2187.1  4209.5 128449.4   128494
read      241.6   128.0    63.8   115.0   133.9   231.1   267.9   288.4   303.2   319.9   343.2   379.4   487.9  1507.8  3595.8  20825.0    20789
read      284.0   234.4    63.8   103.2   115.2   242.1   320.9   366.9   398.2   433.0   474.3   540.0   868.0  3173.8  7184.3  63598.2    63647
read      284.4   241.8    63.8   103.3   115.4   240.5   320.8   367.9   399.5   434.3   476.3   540.4   844.9  3371.6  7447.6  64764.1    64802
read      280.1   219.9    63.8   103.1   115.3   247.8   319.4   360.7   388.8   419.9   457.3   512.6   770.1  2972.7  6296.8  55789.7    55719
read      391.2   272.0    80.4   187.7   210.6   351.7   418.7   452.3   475.3   504.0   543.3   619.9  1599.1  3354.6  7577.4 173961.0   174179
read      230.2   143.0    63.8   105.8   117.7   204.6   254.6   283.5   304.3   328.8   360.9   411.2   586.3  1783.6  3488.5 106135.0   106356
read      368.0   191.3    74.4   188.1   212.3   347.9   414.4   448.4   471.2   499.3   534.7   588.2   717.7  2515.6  6745.5 178605.3   178750
read      225.5   161.3    63.8   104.3   115.3   197.1   247.0   275.8   296.5   320.4   351.3   399.7   585.5  2229.8  5319.0 105811.7   105831
read      218.1   181.2    63.8   103.3   113.9   190.8   239.0   268.4   289.5   313.8   343.9   390.8   531.3  1508.2  3857.0 110406.7   110667
read      205.8   204.4    63.8   112.6   129.3   194.9   219.5   232.5   242.8   254.6   271.3   296.3   369.8  1692.1 11079.4   8827.0     8803
read      277.5   208.0    63.8   103.8   116.6   251.6   315.4   350.8   375.2   402.1   435.1   489.7   790.9  2986.1  5821.9  45652.9    45662
read      265.1   238.2    63.8   108.5   124.2   247.2   296.8   322.9   341.4   362.8   389.4   430.6   610.4  2770.6 10488.1  30785.4    30867
read      257.5   187.8    63.8   102.5   114.9   238.6   293.4   322.5   343.3   367.7   398.1   446.2   591.7  2658.3  6576.9  45670.9    45656
read      232.2   160.6    59.1   102.3   113.0   196.8   255.0   289.0   313.8   343.3   383.5   449.3   644.6  1795.6  4719.5 100854.8   100938
read      219.1   164.9    63.8   106.4   117.6   191.2   234.8   262.3   281.9   305.0   334.3   380.6   556.2  2474.7  5041.5 132459.7   132360
read      232.2   150.2    63.8    99.9   110.9   215.2   271.7   300.4   320.0   343.2   371.8   416.3   513.0  1051.8  6062.6  67587.8    67591
read      243.9   160.3    54.7   106.4   120.7   237.8   280.2   301.5   316.3   333.9   355.6   389.6   469.6  1861.6  7594.1  34018.2    33910
read      255.5   204.8    63.8   102.0   113.2   215.6   282.6   321.2   349.0   381.3   422.8   491.2   757.3  2823.4  5096.1  85694.4    85729
read      218.8   148.4    63.8   114.9   132.3   207.1   234.6   250.5   262.1   275.0   293.8   322.4   457.4  2048.4  7199.9  12905.2    12884
read      262.3   226.5    63.8   100.0   112.2   238.4   296.1   327.1   348.1   372.1   401.2   447.8   699.9  3249.7  7501.7  45536.2    45621
read      255.7   183.9    59.1   103.0   116.6   238.2   290.5   317.4   336.1   357.2   383.4   425.8   609.3  2618.1  6910.2  37013.8    36938
read      270.0   283.0    63.8    99.4   110.8   235.4   299.8   335.8   360.8   388.7   422.9   474.4   910.5  4050.2  9909.3  56853.2    56902
read      239.4   218.9    63.8   101.7   112.1   193.4   246.1   277.5   300.4   328.0   366.8   458.5  1180.4  2675.5  5853.8 102334.6   102243
read      213.3   106.2    59.1   114.2   130.8   205.8   233.7   249.8   261.4   274.3   292.7   320.4   395.9  1258.9  3469.3  14160.8    14085
read      251.5   235.5    63.8   101.9   112.6   199.6   261.0   298.2   327.6   365.7   422.0   522.1   988.8  3002.6  7414.9  94060.2    94103
read      239.6   154.9    63.8   100.0   110.9   220.7   274.6   303.5   324.0   349.2   382.0   431.0   556.6  1980.5  4327.5  58179.1    58175
read      292.5   297.5    63.8   117.7   133.6   232.9   288.3   319.8   343.7   373.3   417.0   511.3  1600.8  3397.4  7682.7 151138.1   151312
read      214.1   126.7    63.8    99.5   109.3   190.2   245.5   274.1   293.5   315.3   342.0   383.7   494.6  1224.7  3642.3  83272.3    83333
read      241.4   147.8    63.8   119.5   134.7   219.1   261.8   287.3   306.4   329.9   362.1   415.9   549.8  2075.5  4532.3 164926.8   165153
read      212.6   141.8    63.8   104.0   114.6   186.7   230.9   258.3   278.0   301.5   330.4   373.1   488.9  1902.8  4615.5 124197.9   123975
read      237.2   123.8    63.8   108.0   123.4   228.2   268.7   290.0   305.1   321.9   344.6   379.6   480.3  1313.2  3438.2  28507.3    28449
read      220.4   239.6    63.8   113.0   129.9   207.2   235.7   251.8   263.7   276.9   294.9   322.2   421.9  2170.4 11597.2  14885.4    14903
read      239.5   120.6    63.8   104.6   119.2   229.6   274.5   297.5   313.7   332.1   354.8   390.4   496.9  1426.8  3025.9  31181.0    31189
read      254.6   211.2    59.1   102.4   115.3   235.6   289.5   317.4   336.9   359.0   386.0   426.7   563.7  3048.0  7424.6  40667.8    40636
read      268.1   203.0    63.8   102.1   113.3   219.8   301.6   352.9   387.5   424.5   467.5   533.6   767.3  2568.7  4988.4  80487.1    80574
read      321.0   221.2    68.9   144.6   165.9   283.1   342.8   378.5   404.0   434.8   474.6   541.5  1416.0  2636.3  4378.5 168532.3   168820
read      248.9   159.0    68.9   119.3   134.7   222.6   268.5   295.7   316.7   342.8   379.2   441.8   612.4  2175.3  4784.0 162677.0   162621
read      210.4   121.4    63.8   100.3   110.1   184.0   233.7   263.7   284.3   307.8   336.8   380.6   513.5  1332.8  3290.8 101434.0   101621
read      251.8   180.8    54.7   100.2   111.2   227.9   287.2   320.2   344.0   371.7   405.0   457.1   604.7  2505.3  4594.1  58588.4    58592
read      386.6   372.1    68.9   154.9   177.7   305.0   368.2   404.6   433.5   469.6   528.7  1144.5  1800.4  3704.3  7889.0 152969.2   153042
read      211.7   131.9    63.8   101.9   112.0   185.4   232.0   260.9   281.4   305.0   334.4   377.3   501.8  1585.5  3468.6 112321.6   112238
read      244.7   164.4    63.8   118.1   133.0   218.8   263.6   290.4   310.8   336.1   370.5   431.1   600.1  2292.8  5566.8 160312.4   160265
read      248.2   157.7    59.1   100.8   111.6   227.6   285.6   317.3   340.3   366.8   399.2   448.0   581.0  2043.5  4158.4  57042.1    57109
read      237.2   177.1    63.8   101.6   112.0   197.9   257.5   292.3   317.8   349.6   395.5   475.1   703.5  2025.6  5359.7  88760.9    88551
read      192.6    95.7    63.8   110.2   125.0   185.8   208.4   220.5   229.8   240.6   254.8   279.2   345.2  1124.1  3191.7   8341.6     8385
read      244.3   126.4    63.8   105.1   119.2   233.1   280.8   305.5   322.0   341.4   365.6   401.1   507.4  1523.5  2938.6  34072.1    34088
read      309.4   379.1    63.8   107.0   119.4   213.9   273.6   308.0   332.8   363.9   415.0  1245.2  1790.6  3638.9  7772.2 113460.1   113600
read      212.4   146.0    63.8   104.8   115.5   185.9   228.8   255.4   274.7   297.0   324.8   368.3   529.5  1940.2  4768.3 132091.0   131842
read      199.8    96.6    63.8   100.2   109.9   178.3   225.0   253.7   272.9   293.8   318.1   353.9   428.9   691.6  1888.0 112006.4   112066
read      208.5    90.8    59.1    99.0   109.4   195.6   246.9   270.3   285.8   302.8   323.1   355.3   418.3   520.2  1803.0  72600.2    72585
read      200.2    92.6    63.8   103.7   113.9   180.0   221.0   247.4   266.8   288.4   313.8   349.7   430.8   743.6  1862.7 133514.7   133669
read      208.3   212.8    63.8   118.5   134.9   202.0   224.0   234.9   244.0   253.6   267.4   288.2   333.4  1180.6 11173.4  11825.6    11820
read      206.5    58.0    63.8   120.9   138.1   205.8   227.6   238.9   247.8   257.5   270.6   290.7   335.9   511.8  1182.1  12721.6    12639
read      202.9    95.0    63.8   102.4   112.5   181.4   226.8   254.9   274.2   295.6   320.6   358.5   436.6   770.9  2078.0 118564.7   118548
read      241.6   110.5    63.8   121.1   136.4   221.4   265.1   290.8   310.3   334.2   367.1   425.7   581.8   889.5  2260.5 165699.8   165754
read      207.6    90.6    59.1    99.6   109.9   189.4   242.2   268.9   286.4   305.5   328.7   363.5   432.8   566.4  1631.6  86768.8    86823
read      212.7    74.9    63.8   121.1   138.3   211.7   234.9   248.1   257.1   268.2   282.0   303.8   349.6   465.0  2692.1  16925.2    16898
read      202.7    92.8    63.8   103.0   113.3   182.3   226.2   253.5   272.8   294.4   319.5   357.7   435.3   676.6  1185.3 123049.7   123124
read      210.7    91.8    63.8    99.8   110.4   198.1   249.2   272.5   288.2   305.5   326.5   359.5   425.3   549.2  1876.0  72221.3    72278
read      219.3    84.3    59.1   104.5   116.7   217.9   256.9   275.0   288.6   303.6   321.6   350.8   411.0   540.2  1671.2  47666.4    47757
read      212.8    97.0    63.8   100.4   111.2   206.6   252.8   273.3   287.3   302.8   321.1   350.6   412.0   526.5  2324.8  60496.2    60510
read      211.6    72.8    63.8   112.7   128.0   211.6   237.7   252.1   262.4   273.4   289.5   313.6   362.3   446.9  2079.5  25155.7    25237
