Timestamp start: 1747345849502
Timestamp end: 1747346749753

#type       avg     std     min      p5     p10     p50     p67     p75     p80     p85     p90     p95     p99    p999   p9999      QPS   target
read      203.6   108.4    68.9   118.3   134.4   195.8   218.2   230.8   239.9   251.4   266.8   291.0   370.4  1279.1  3204.4   8165.1     8195
read      370.5   511.8    68.9   141.4   163.2   276.2   327.2   360.1   387.2   424.4   481.3   590.8  3356.8  5304.7  8070.0 158367.9   158594
read      221.8   140.4    63.8   109.8   121.6   197.1   239.7   266.4   285.9   309.5   340.1   390.7   532.1  1692.4  4580.3 150083.1   149766
read      205.7    93.5    68.9   117.9   134.6   198.9   223.7   236.8   247.5   259.5   274.6   300.1   368.0  1098.3  3130.9  10427.0    10382
read      365.3   296.7    68.9   158.0   181.9   296.4   351.8   392.1   426.9   471.8   536.0   686.8  1611.9  3079.5  7125.4 170447.8   170548
read      222.7   145.7    63.8   109.3   121.1   196.9   240.4   267.3   287.0   311.0   342.3   394.5   542.8  2134.4  3934.2 150716.9   150565
read      212.6   142.8    63.8   105.0   116.0   186.6   228.8   254.8   274.3   297.5   327.4   372.1   502.2  1909.1  3700.3 137186.7   137144
read      210.1   129.0    63.8   105.0   116.1   186.7   228.2   253.7   272.8   295.7   324.7   369.4   476.8  1607.8  3543.1 143470.4   143496
read      215.6   142.9    63.8   107.2   118.6   191.1   232.9   259.0   278.0   301.0   330.6   375.2   501.0  2081.8  4259.1 144715.0   144743
read      209.6   130.8    63.8   101.4   111.3   182.0   228.5   257.4   278.4   303.0   333.4   377.8   494.7  1755.5  3277.0 116822.7   116745
read      209.4   138.7    59.1   102.7   113.0   183.5   227.4   254.4   274.6   298.5   328.6   373.2   482.3  1723.3  3675.8 129383.7   129314
read      220.9   153.3    63.8   106.4   118.0   192.9   236.2   263.8   283.9   308.0   339.5   391.5   577.5  2095.1  4188.4 144796.9   144723
read      208.6   127.1    63.8   100.9   110.9   181.6   227.5   256.0   277.1   301.7   332.6   377.8   500.1  1622.3  3236.9 117393.6   117379
read      209.1   133.0    63.8   101.6   111.6   181.9   227.3   255.8   276.7   301.2   331.9   376.3   495.5  1780.6  3665.1 119890.2   119931
read      208.6   131.9    63.8   102.9   113.4   183.3   226.6   253.4   273.5   297.0   326.8   371.1   478.6  1815.1  3684.9 132140.7   132052
read      213.5   138.3    63.8   106.2   117.4   188.6   230.8   257.0   276.3   299.7   329.7   374.4   499.6  1811.5  4084.1 143596.7   143350
read      215.4   143.8    63.8   106.6   117.9   190.2   232.2   258.4   277.6   300.7   330.7   376.8   507.4  2042.2  4392.8 143520.8   143518
read      263.8   143.9    68.9   120.3   136.5   233.5   287.9   321.8   350.1   386.1   432.5   502.0   636.7  1400.5  3484.5 173058.1   172981
read      208.6   111.3    63.8    98.6   108.2   183.5   235.3   265.8   286.6   309.9   338.2   379.6   484.3  1011.5  3085.8  94023.8    94027
read      260.6   157.3    63.8   118.0   133.2   229.3   283.7   317.5   344.3   378.3   423.9   493.8   642.2  1833.8  4368.7 170051.7   170019
read      284.1   162.1    68.9   123.6   141.0   249.0   311.7   354.8   388.8   428.5   476.1   543.3   679.0  1709.3  3907.9 179304.0   179090
read      239.9   117.2    63.8   103.2   115.4   227.7   277.9   305.2   324.3   346.8   374.8   418.3   509.8  1159.2  2998.4  47169.6    47130
read      233.3   105.9    63.8   116.5   134.5   227.6   261.0   278.7   291.3   306.0   323.8   353.5   433.9  1220.9  3218.9  19442.7    19439
read      275.2   309.1    63.8   105.3   117.3   204.3   257.5   289.2   312.6   341.7   385.6   525.4  1628.4  3297.9  7174.9 129039.9   128963
read      234.0   118.3    68.9   114.4   131.3   227.5   262.6   281.0   294.1   310.0   329.8   361.5   436.8  1382.8  3174.4  23791.4    23787
read      261.0   169.9    59.1   100.7   112.2   235.9   302.1   338.9   364.6   393.2   428.0   479.2   668.3  1917.6  4620.0  61828.8    61848
read      279.6   278.5    63.8   103.7   115.7   212.2   274.1   313.7   343.9   382.6   437.7   611.0  1545.9  2888.0  7087.4 102161.7   101968
read      208.3   114.3    63.8   100.1   110.0   182.1   229.7   259.5   281.1   306.1   336.9   382.7   499.2  1240.1  2738.1 108799.6   108767
read      210.6   135.8    63.8    98.9   108.7   183.5   234.6   265.5   286.8   310.6   339.5   381.7   489.1  1505.9  4290.8  97034.1    97139
read      228.3   179.0    63.8   113.1   126.5   202.1   243.2   268.5   287.3   309.9   339.2   387.4   532.0  3154.6  5564.2 158940.9   158594
read      216.2   145.0    63.8   106.8   118.2   190.1   232.1   258.8   278.5   302.2   333.1   380.4   519.2  1951.6  3935.1 141232.8   141240
read      236.9   162.6    63.8   105.3   118.8   230.9   276.5   299.0   314.6   332.5   354.2   387.3   454.5   965.9 10414.6  41379.0    41405
read      250.3   158.4    63.8   100.7   112.8   229.9   289.4   320.0   342.0   367.7   399.7   451.5   591.8  1927.0  4067.6  58026.9    57997
read      356.7   399.1    68.9   119.7   138.1   254.6   319.7   364.2   399.0   444.3   517.4  1334.7  1842.6  3745.7  7878.3 133578.4   133577
read      271.5   213.5    63.8   103.8   116.1   242.8   305.7   341.0   367.1   396.9   434.7   494.5   766.2  3157.8  5415.2  53828.0    53832
read      294.7   317.5    63.8   112.6   127.4   225.1   281.8   317.6   345.0   379.3   426.7   535.5  1676.9  3370.5  7819.2 139785.6   139832
read      256.2   170.6    63.8   124.9   141.4   231.2   277.1   305.1   326.1   352.8   389.6   448.9   584.4  2210.0  6645.4 170637.3   170515
read      216.6   144.8    63.8   105.7   116.8   190.0   233.7   261.8   282.3   306.6   337.0   383.4   504.1  2157.4  3456.1 128504.3   128494
read      241.0   111.9    63.8   118.7   136.5   231.4   268.0   288.1   302.4   319.1   341.4   374.7   470.6  1423.8  3015.7  20835.9    20789
read      282.9   244.5    63.8   103.8   115.9   244.7   320.3   363.6   393.2   426.4   465.9   527.2   833.5  3392.2  7711.2  63593.3    63647
read      284.9   252.7    63.8   104.2   116.5   244.4   322.5   366.6   396.6   430.3   470.1   532.2   808.3  3639.1  7618.7  64778.7    64802
read      274.6   185.6    63.8   103.1   115.3   249.1   317.6   355.8   382.5   412.4   449.1   501.8   699.3  2380.5  4365.6  55714.8    55719
read      405.8   347.0    74.4   177.6   200.9   336.0   398.1   432.8   459.3   492.9   543.9   846.7  1786.8  3610.0  7724.1 174296.2   174179
read      224.9   139.0    63.8   104.4   115.9   200.1   249.0   277.7   298.4   322.5   354.4   401.8   546.2  1508.6  4429.5 106463.6   106356
read      284.6   152.9    63.8   138.0   157.2   261.5   314.0   345.6   369.4   397.4   432.9   487.2   603.2  1921.8  4600.0 178730.8   178750
read      213.0   130.2    63.8   101.5   111.5   184.6   233.5   264.4   286.5   311.9   343.1   390.3   521.2  1338.3  3698.3 106017.9   105831
read      211.4   126.0    63.8   101.7   111.7   183.8   231.6   262.0   283.9   309.2   340.0   385.8   498.3  1482.1  3339.7 110685.6   110667
read      211.4   170.0    63.8   125.4   139.9   200.3   224.2   236.6   247.2   259.1   274.3   299.1   383.9  1652.0  7848.6   8768.2     8803
read      276.5   214.0    59.1   104.8   118.1   252.9   315.0   348.8   372.0   398.1   430.1   479.0   723.1  3116.9  6873.0  45572.9    45662
read      265.4   193.1    63.8   111.2   127.7   249.6   297.7   322.9   340.7   361.6   387.7   428.3   628.1  2702.2  6873.8  30895.7    30867
read      241.0   135.2    63.8   102.5   115.7   232.7   282.8   307.8   324.5   343.5   367.3   400.9   475.6  1409.5  3480.1  45773.6    45656
read      264.6   195.9    59.1   104.8   117.2   221.0   289.5   331.9   362.2   396.0   438.4   511.1   950.6  2090.9  3703.6 101053.3   100938
read      285.3   328.9    63.8   109.2   121.8   213.7   267.9   300.6   326.2   360.2   411.4   544.6  1710.9  3528.5  7767.6 132416.6   132360
read      222.1   131.2    63.8   100.3   110.8   202.2   257.5   284.8   303.2   323.5   348.9   388.0   485.6  1589.4  3494.3  67522.0    67591
read      228.5   100.6    63.8   110.5   124.3   224.8   262.3   281.2   294.0   309.7   329.2   360.4   429.8  1019.2  2900.9  33874.2    33910
read      234.1   139.6    59.1   100.6   111.2   199.2   262.5   299.1   325.7   358.0   400.2   467.1   613.7  1219.0  3461.1  85666.2    85729
read      224.6    91.6    68.9   124.4   142.0   219.5   248.6   264.9   276.0   290.2   308.0   335.8   394.6   752.3  2258.6  12961.6    12884
read      251.2   128.0    63.8   102.5   115.6   240.8   296.4   325.7   345.8   368.8   396.6   435.7   520.1   971.5  2938.8  45525.8    45621
read      248.2   123.5    63.8   107.4   122.3   242.0   289.5   313.5   330.2   348.6   372.0   405.5   485.0  1160.4  3712.9  36918.6    36938
read      272.6   247.9    63.8   101.5   113.5   242.0   307.1   343.0   368.3   396.5   430.6   484.3   882.8  3238.8  9593.9  56833.2    56902
read      263.1   241.8    63.8   103.0   114.2   200.7   259.3   295.2   323.2   361.7   426.4   620.5  1354.0  2474.2  5059.4 102203.0   102243
read      217.2    98.6    59.1   119.6   136.4   209.6   236.1   251.6   262.9   275.1   292.8   319.3   403.0  1360.6  3028.7  14110.3    14085
read      247.8   211.1    63.8   102.2   113.1   199.6   259.8   295.7   323.1   359.0   411.3   515.6   908.1  2863.4  5575.9  94078.3    94103
read      249.9   161.5    63.8   100.3   111.6   229.1   289.0   320.7   344.1   371.6   404.6   454.9   579.1  2036.4  4347.0  58133.1    58175
read      295.3   290.3    63.8   117.1   133.1   235.5   292.4   326.1   352.7   387.8   439.3   549.6  1599.0  3471.7  7466.7 151227.0   151312
read      214.3   110.8    63.8   100.0   110.1   190.3   245.7   275.8   296.3   319.1   346.7   387.8   475.0  1002.0  3021.9  83423.4    83333
read      288.1   175.7    63.8   123.8   141.4   253.3   314.4   355.1   388.4   429.1   480.5   554.9   716.4  1694.1  5450.0 165223.4   165153
read      214.3   134.3    63.8   104.3   115.0   187.4   232.1   260.8   281.7   306.2   336.9   383.3   502.5  1770.0  3387.7 124103.6   123975
read      244.0   108.5    68.9   110.7   126.9   237.3   279.2   300.9   316.0   333.8   356.0   390.5   485.1  1192.6  2527.2  28518.8    28449
read      221.3    85.1    63.8   120.2   138.0   216.3   244.8   260.6   271.6   285.0   301.0   327.2   394.8  1080.4  2163.6  14812.1    14903
read      253.1   202.7    63.8   108.8   124.1   240.4   286.7   310.4   326.7   344.9   368.8   403.5   539.0  2025.3 10656.2  31185.8    31189
read      253.8   134.2    63.8   104.0   117.5   241.3   295.6   323.8   343.6   365.8   392.0   430.2   544.1  1377.8  3078.2  40726.4    40636
read      277.4   237.9    63.8   102.7   114.4   226.2   309.1   359.6   394.4   431.8   475.4   542.7   902.3  3137.8  7028.0  80550.1    80574
read      297.6   211.8    63.8   128.2   146.8   258.5   315.9   352.9   382.3   418.8   466.1   541.8  1227.8  2702.8  4397.7 168855.8   168820
read      243.2   143.3    63.8   115.4   130.0   216.3   263.8   292.8   315.0   342.9   382.2   448.9   605.9  1673.5  3913.9 162656.4   162621
read      213.3   153.6    63.8   100.3   110.3   183.7   233.9   265.4   287.4   312.2   342.0   386.9   505.5  2026.9  5154.7 101659.2   101621
read      257.0   174.1    59.1   101.4   112.8   232.7   294.4   328.1   352.2   380.6   415.0   466.0   672.2  2177.7  4302.3  58473.7    58592
read      374.8   357.3    68.9   137.9   160.8   291.3   358.4   401.6   436.6   482.6   548.1  1057.3  1748.0  3594.6  7582.0 153063.8   153042
read      212.7   141.0    63.8   102.0   112.2   184.4   230.5   259.9   281.5   306.6   337.4   384.0   517.7  1842.7  4008.2 112214.0   112238
read      246.7   154.0    63.8   116.1   130.7   218.2   266.1   294.9   317.2   345.2   385.5   453.9   627.3  2009.0  4335.9 160389.6   160265
read      254.1   151.4    63.8   102.5   114.1   234.2   294.8   327.4   350.6   377.5   410.4   458.9   585.4  1795.2  3251.1  57128.0    57109
read      237.7   167.2    63.8   101.6   112.2   198.3   259.2   294.9   320.9   353.6   397.9   474.7   693.1  2080.5  4014.4  88409.8    88551
read      200.8   104.2    63.8   122.7   136.8   193.9   215.8   228.1   236.2   247.8   262.1   285.2   345.4  1161.1  5307.7   8405.1     8385
read      255.6   153.9    63.8   107.7   122.6   243.0   291.8   316.9   334.5   354.4   378.8   417.6   588.9  2216.9  3831.0  33957.2    34088
read      303.2   366.7    63.8   107.1   119.4   212.0   271.7   306.4   331.6   363.8   415.4  1043.5  1758.0  3617.7  7698.5 113643.9   113600
read      216.5   136.7    63.8   106.1   117.1   189.2   233.5   261.5   281.8   305.8   336.3   384.3   544.3  1819.3  3286.9 131936.1   131842
read      201.3   118.9    54.7   100.6   110.4   178.5   225.3   254.6   274.5   296.4   321.8   359.6   434.5   660.2  2025.3 111875.3   112066
read      210.8    88.5    63.8   100.3   110.9   196.6   248.1   272.5   289.0   307.4   329.6   362.2   425.1   536.0  1268.8  72589.9    72585
read      201.1   103.9    63.8   103.9   114.1   179.7   220.5   247.2   267.3   290.0   316.8   356.6   437.1   710.9  2928.0 133533.6   133669
read      205.1    63.2    59.1   127.8   142.4   203.0   224.6   235.3   244.3   253.6   267.1   287.0   327.6   428.0  1935.8  11854.9    11820
read      207.1    71.5    54.7   128.8   143.4   205.1   226.9   237.8   246.6   255.5   268.9   288.6   329.2   553.8  2585.7  12686.0    12639
read      199.7   143.3    63.8   101.1   110.8   176.7   221.0   249.7   270.3   292.9   318.9   357.4   432.9   665.7  2045.8 118340.1   118548
read      225.1   102.4    59.1   115.8   129.6   206.0   246.8   271.4   290.0   312.1   341.3   390.1   510.7   913.0  1879.6 165859.8   165754
read      205.7   101.1    59.1    99.0   109.1   185.7   238.2   266.5   284.7   304.6   328.3   363.3   429.6   543.3  1981.6  86697.6    86823
read      213.5    62.2    63.8   126.1   142.3   212.3   235.6   249.0   258.3   269.3   283.3   304.2   346.5   464.6  1183.7  16813.7    16898
read      198.3    93.6    63.8   101.0   110.8   176.0   219.3   247.7   268.2   290.9   317.3   354.9   429.5   661.6  2348.9 122834.0   123124
read      209.4    99.5    63.8    99.0   109.6   195.1   246.9   271.3   287.4   305.2   326.6   358.9   419.8   534.0  2990.5  72300.9    72278
read      218.8    93.1    63.8   105.1   117.6   216.3   256.8   275.9   289.6   304.8   322.3   349.1   402.8   498.3  1597.6  47739.2    47757
read      215.6    91.6    63.8   101.7   113.0   206.8   255.2   277.3   292.2   309.0   329.2   359.7   418.4   525.3  2194.3  60450.3    60510
read      220.0    70.1    63.8   119.1   135.6   220.3   248.6   263.4   273.1   285.5   299.6   321.0   367.6   436.1  1295.0  25307.4    25237
